1		1191		3
1		1101		3
1		1111		4
10		1000		4
10		1010		4
10		1101		4
8		884		2
8		88		2
8		888		3
9		399		2
9		909		2
9		999		3
12		1112		4
12		1221		4
12		1121		4
13		1331		4
13		1311		4
13		1333		4
14		1444		4
14		1144		4
14		1441		4
16		1116		4
16		1111		4
16		1161		4
18		1118		4
18		1111		4
18		1181		4
19		1191		4
19		1111		4
19		1199		4
20		202		3
20		1000		3
20		1200		3
21		1112		4
21		1221		4
21		1121		4
22		228		2
22		222		3
22		1222		3
23		1223		3
23		1233		3
23		1323		3
24		1442		3
24		1444		3
24		242		3
28		228		3
28		282		3
28		288		3
3		353		2
3		1333		3
3		333		3
27		1272		3
27		227		3
27		1227		3
30		1000		3
30		1333		3
30		1030		3
2		228		2
2		222		3
2		1222		3
4		440		2
4		1444		3
4		444		3
5		595		2
5		955		2
5		555		3
25		1255		3
25		225		3
25		1252		3
17		1171		4
17		1111		4
17		1117		4
11		1191		3
11		1101		3
11		1111		4
6		646		2
6		661		2
6		666		3
15		1155		4
15		1151		4
15		1115		4
29		1229		3
29		229		3
29		922		3
26		262		3
26		662		3
26		1266		3
7		771		2
7		577		2
7		777		3
